0.9499959,2
1.805148,1
2.683281,0
3.661269,4
4.488947,3
5.284147,0
6.211881,1
7.090002,2
7.930526,3
8.791904,4
9.686274,3
10.43197,2
11.3263,1
12.08837,0
12.65164,2
14.27517,0
14.61964,1
14.85182,2
15.5805,3
16.01195,4
16.82301,4
17.35337,3
17.83359,2
18.09864,1
18.36371,0
19.42397,0
20.28551,4
21.11378,2
22.00681,0
22.48724,1
22.81858,2
23.19962,3
23.48127,4
24.64091,4
25.05508,3
25.35329,2
25.76801,1
25.94969,0
26.81114,0
28.00558,0
28.94989,0
29.4306,0
29.81135,0
30.20906,0
30.62311,0
30.98758,0
31.48458,1
31.89876,2
32.32955,3
32.79335,4
33.24065,4
33.63827,0
34.06898,4
34.45002,0
34.99333,1
35.39093,3
35.75539,1
36.18612,3
36.63353,1
37.04759,3
37.47833,1
37.86,3
38.38949,0
38.57172,1
38.82065,2
39.08532,3
39.28448,4
39.99708,4
40.24496,3
40.49346,2
40.77509,1
40.96845,0
41.81335,0
43.48665,1
45.22612,2
46.08763,2
46.76678,3
47.14783,3
47.56199,4
47.77559,3
48.60394,0
49.43269,1
50.26093,0
51.08885,1
51.83501,4
52.09999,3
52.62956,4
52.87806,3
55.17685,0
55.42592,1
55.95548,2
56.33657,3
56.73412,4
56.9334,3
58.90435,0
59.33509,4
59.74925,1
60.11412,3
60.61112,2
61.05828,2
61.47219,1
61.89098,3
62.32129,0
62.73585,4
63.18305,0
63.61348,4
64.01109,1
64.45838,3
64.87255,2
65.43644,2
65.89993,1
66.23102,3
66.61206,0
66.97652,4
67.45695,0
67.88768,4
68.33331,1
68.73103,3
69.27761,2
69.72548,2
70.08946,1
70.47041,3
70.6692,0
71.0668,4
71.63087,4
71.64779,0
72.45956,1
72.67502,3
72.94021,2
73.56953,0
73.76834,1
73.98369,2
74.23231,3
74.43137,4
75.12212,4
75.35395,3
75.58566,2
75.75145,1
75.96679,0
76.87798,0
77.3086,4
77.54063,1
77.93819,3
78.18679,2
78.6505,2
79.51196,2
79.72734,2
80.20776,1
80.78761,3
81.23504,0
81.59927,4
82.2951,0
82.74237,4
83.27251,1
83.4882,3
83.76951,2
84.39904,2
84.63136,2
86.20522,0
86.22295,4
86.38892,1
86.42187,3
86.6869,3
86.70446,1
86.95296,0
86.97198,4
87.25407,2
87.8812,2
89.09032,0
89.33897,1
89.75298,2
90.13402,3
90.56475,4
90.92945,3
91.39308,2
91.84039,1
92.17171,0
92.61902,1
92.91722,2
93.29825,3
93.61301,4
93.87808,4
94.53672,4
94.81835,3
95.28222,2
96.02773,1
96.30935,0
97.43624,0
97.70095,1
98.03229,2
98.82749,3
99.6399,4
102.8519,2
102.9016,4
102.9188,3
102.9844,0
1.452317,1
1.856326,2
2.303762,3
2.717793,4
3.181667,4
3.595922,3
4.009993,2
4.457293,1
4.871459,0
5.252493,0
5.716601,1
6.11396,2
6.594393,3
7.053083,4
7.468129,4
7.88142,3
8.262452,2
8.726403,1
9.140671,0
9.538397,0
10.03509,1
10.45013,2
10.94625,3
11.32796,4
11.75802,4
12.13905,3
12.48716,2
13.01732,1
13.41116,0
14.30577,0
14.65412,1
15.0347,2
15.54828,3
15.78021,4
17.73506,4
18.03326,3
18.36461,2
18.8123,1
18.99448,0
21.21019,0
21.60779,4
22.03893,1
22.45269,3
22.89999,2
23.82779,0
24.20876,4
24.65606,1
24.97082,3
25.35185,2
26.27962,0
26.51152,1
26.83414,2
27.03295,3
27.28147,4
27.69563,4
27.82815,3
27.99382,2
28.17605,1
28.37485,0
28.92155,0
29.36959,0
29.79959,0
30.21375,0
30.66105,0
31.10835,0
31.53908,4
31.93668,4
32.36741,4
32.79817,4
33.24242,1
33.62301,3
34.05388,1
34.43488,3
34.96477,0
35.37894,0
35.80968,0
36.1907,0
36.62144,4
37.06874,4
37.5326,4
37.89744,4
38.39412,2
38.80824,2
39.25578,2
39.65061,2
40.09801,1
40.48031,3
40.79435,1
41.04287,3
41.58954,3
41.85502,2
42.61717,1
43.64397,1
44.15737,3
44.35632,2
44.90287,3
45.51584,3
46.02949,3
46.75121,0
47.1158,0
47.51312,4
47.81133,4
48.62342,1
49.46798,1
50.31324,3
51.19091,3
51.88672,2
52.10213,2
52.64885,2
52.86415,2
53.72401,0
54.02221,1
54.85072,4
55.04935,3
55.91081,0
56.32498,4
56.70601,1
56.90557,3
57.10361,2
59.02534,0
59.35668,1
59.77085,2
60.15378,3
60.60109,4
61.47925,4
61.86015,3
62.30792,2
62.72162,1
63.18549,0
64.23001,0
64.44455,4
64.92515,1
65.09065,3
65.63735,2
66.59822,2
67.2693,1
67.48462,3
68.09753,0
68.34587,4
69.85344,0
70.05224,1
70.46646,2
70.69833,3
71.12907,4
71.5598,4
72.45441,4
72.63684,3
72.83543,2
73.46497,1
73.81549,0
74.13028,0
74.74322,0
74.94202,1
75.62161,2
76.36675,3
76.86375,4
77.55984,4
77.92403,3
78.17252,2
78.61983,1
78.91949,0
79.51591,0
79.7644,1
80.12893,2
81.13165,3
81.59551,4
82.60608,4
82.80488,3
83.35158,2
84.16364,1
84.37871,0
85.42241,0
86.10165,0
86.3171,1
86.68148,2
86.96311,3
87.2271,4
88.80111,4
89.03287,3
89.64584,2
90.02687,1
90.24224,0
90.64014,0
90.95461,1
91.50143,2
92.33026,3
92.64457,4
93.60532,4
93.80407,4
94.52589,0
94.80817,4
95.28796,1
95.75183,3
96.4642,2
97.4582,0
97.78953,4
98.07117,1
98.60168,3
98.8168,2
99.62843,0
100.5893,4
102.8575,0
102.8575,2
7.771618,2
9.455141,1
9.774399,0
11.13287,3
11.33167,4
11.79553,2
11.97776,2
12.14343,2
12.32568,2
12.50791,2
12.67356,2
12.84693,2
13.04572,2
13.22848,2
13.41019,2
13.59242,2
13.77465,2
13.95706,2
14.13912,2
14.30479,2
14.48702,2
14.65269,2
14.83492,2
2.066278,2
2.815992,3
3.015424,1
3.213593,4
3.347032,0
3.561788,3
4.141389,1
4.290425,4
4.422959,0
4.538926,3
4.688025,1
4.787423,2
4.90339,2
5.0525,3
5.41696,1
5.516354,4
5.648898,0
5.748469,3
5.86469,1
5.963844,2
6.16246,0
6.179019,4
6.344877,3
